  1580 Betulia           1950 KA    IRTF 2002-06-02  53.0 3.54 0.011 4.35 0.011 d 1.27 0.06  5.06 0.020 0.170 0.002 0.110 0.006 0.080 0.002 1    
  1627 Ivar              1929 SH    Keck 2000-03-16   5.0 7.94 0.031 9.12 0.031 a 1.00 -.99 15.90 0.060 0.200 0.002 0.150 0.002 0.050 0.001 2,15 
  1866 Sisyphus          1972 XA    Keck 2000-03-17  16.0 7.47 0.200 8.48 0.200 a 1.00 -.99 16.30 0.500 0.200 0.010 0.150 0.010 0.042 0.003 3,15 
  2100 Ra-Shalom         1978 RA    Keck 2000-08-21  39.0 1.60 0.010 2.79 0.010 d 2.32 0.20  2.60 0.100 0.250 0.004 0.083 0.010 0.095 0.001 2,15 
  4034 -                 1986 PA    Keck 2001-05-11  40.0 0.40 0.011 0.42 0.011 a 1.00 -.99  0.57 0.020 0.580 0.034 0.520 0.034 0.290 0.019 15   
  4055 Magellan          1985 DO2   Keck 2000-03-16  13.0 2.20 0.100 2.49 0.100 a 1.00 -.99  4.36 0.300 0.390 0.040 0.310 0.050 0.100 0.010 15   
  4660 Nereus            1982 DB    Keck 2002-02-21  60.0 0.26 0.010 0.33 0.010 a 1.50 -.99  0.33 0.010 0.860 0.010 0.550 0.040 0.540 0.010 15   
  5381 Sekhmet           1991 JY    ESO  2003-06-02  44.0 -.99 -.999 1.50 0.511 d 1.90 0.76 -9.99 -.999 -.999 -.999 0.220 0.047 -.999 -.999 -    
  5381 Sekhmet           1991 JY    ESO  2003-06-02  44.0 1.05 0.025 1.30 0.025 a 1.50 -.99  1.50 0.045 0.400 0.020 0.250 0.071 0.200 0.012 -    
  5381 Sekhmet           1991 JY    IRTF 2003-05-12  42.0 1.03 0.018 1.39 0.018 d 1.62 0.65  1.56 0.024 0.416 0.015 0.262 0.104 0.182 0.006 4,14 
  5381 Sekhmet           1991 JY    IRTF 2003-05-13  38.0 1.13 0.098 1.40 0.098 d 1.80 0.71  1.55 0.098 0.352 0.063 0.240 0.112 0.176 0.023 4,14 
  5381 Sekhmet           1991 JY    IRTF 2003-05-14  33.0 1.03 0.005 1.20 0.005 d 1.30 0.08  1.63 0.008 0.421 0.004 0.319 0.018 0.167 0.002 4,14 
  5381 Sekhmet           1991 JY    IRTF 2003-05-15  29.0 1.03 0.021 1.46 0.021 d 1.70 0.68  1.65 0.031 0.410 0.017 0.240 0.084 0.163 0.006 4,14 
  5381 Sekhmet           1991 JY    IRTF 2003-05-16  24.0 1.04 0.005 1.30 0.005 d 1.51 0.18  1.71 0.010 0.412 0.004 0.250 0.031 0.152 0.002 4,14 
  5587 -                 1990 SB    ESO  2001-04-08  20.0 3.50 0.041 3.74 0.041 a 1.00 -.99  5.78 0.117 0.340 0.008 0.290 0.004 0.120 0.004 2,5  
  5587 -                 1990 SB    ESO  2001-04-09  20.0 3.40 0.023 4.00 0.023 d 1.10 0.12  6.70 0.058 0.350 0.004 0.250 0.034 0.090 0.002 2,6  
  5587 -                 1990 SB    Keck 2001-05-10  42.0 3.56 0.012 3.57 0.012 d 0.84 0.02  5.14 0.032 0.510 0.003 0.500 0.011 0.240 0.002 2    
  5604 -                 1992 FE    ESO  2001-04-08  18.0 0.70 0.028 0.70 0.028 a 1.00 -.99  1.10 0.021 0.300 0.135 0.300 0.135 0.120 0.054 15   
  5604 -                 1992 FE    Keck 2001-05-11  36.0 0.52 0.011 0.55 0.011 a 1.00 -.99  0.77 0.021 0.690 0.033 0.610 0.037 0.320 0.021 15   
  5751 Zao               1992 AC    Keck 2001-05-12  49.0 1.80 0.020 2.30 0.020 a 1.50 -.99  2.53 0.030 0.580 0.020 0.360 0.010 0.290 0.020 7    
  6489 Golevka           1991 JX    IRTF 2003-05-15  43.0 0.30 0.022 0.33 0.022 a 1.00 -.99  0.47 0.034 0.460 0.061 0.390 0.053 0.180 0.025 4,14 
 14402 -                 1991 DB    Keck 2000-03-16  36.0 0.56 0.003 0.60 0.003 d 1.04 0.04  0.81 0.008 0.170 0.003 0.140 0.006 0.080 0.002 8,15 
 15817 Lucianotesi       1994 QC    Keck 2000-03-17  14.0 0.30 0.014 0.32 0.014 a 1.00 -.99  0.47 0.022 0.730 0.060 0.640 0.061 0.290 0.031 -    
 16834 -                 1997 WU22  Keck 2000-08-21  59.0 1.51 0.013 2.00 0.013 a 1.50 -.99  2.06 0.020 0.530 0.006 0.300 0.004 0.290 0.004 15   
 19356 -                 1997 GH3   ESO  2001-04-08  32.0 0.95 0.041 1.00 0.041 a 1.00 -.99  1.40 0.070 0.300 0.031 0.290 0.030 0.140 0.012 -    
 19356 -                 1997 GH3   Keck 2001-05-11   5.0 0.83 0.010 0.91 0.010 d 0.98 0.37  1.45 0.030 0.410 0.013 0.340 0.123 0.130 0.005 15   
 25143 Itokawa           1998 SF36  ESO  2001-04-08 108.0 -.99 -.999 0.33 0.110 d 1.20 0.60 -9.99 -.999 -.999 -.999 0.230 0.100 -.999 -.999 2    
 25143 Itokawa           1998 SF36  ESO  2001-04-08 108.0 0.20 0.006 0.37 0.006 a 1.50 -.99  0.22 0.007 0.610 0.02  0.210 0.113 0.540 0.022 2    
 25330 -                 1999 KV4   ESO  2003-06-02  16.0 -.99 -.999 2.70 0.750 d 1.20 0.60 -9.99 -.999 -.999 -.999 0.080 0.022 -.999 -.999 9    
 25330 -                 1999 KV4   ESO  2003-06-02  16.0 2.26 0.060 2.50 0.060 a 1.00 -.99  4.16 0.130 0.100 0.005 0.090 0.006 0.030 0.002 9    
 25330 -                 1999 KV4   IRTF 2003-05-14   3.0 2.11 0.032 2.55 0.032 d 1.11 0.23  4.28 0.058 0.075 0.002 0.084 0.012 0.018 0.001 4,9  
 25330 -                 1999 KV4   Keck 2001-05-10  54.0 2.34 0.060 3.21 0.060 d 1.50 0.11  3.41 0.022 0.098 0.005 0.052 0.004 0.046 0.001 9    
 33342 -                 1998 WT24  ESO  2001-12-04  60.0 0.28 0.012 0.37 0.012 a 1.50 -.99  0.38 0.012 0.840 0.047 0.500 0.030 0.480 0.027 14   
 33342 -                 1998 WT24  IRTF 2001-12-18  67.0 0.32 0.013 0.34 0.013 d 0.90 0.18  0.40 0.007 0.680 0.054 0.590 0.056 0.430 0.022 -    
 33342 -                 1998 WT24  IRTF 2001-12-19  79.0 0.32 0.003 0.44 0.003 d 1.50 0.10  0.38 0.002 0.660 0.012 0.350 0.031 0.480 0.008 -    
 33342 -                 1998 WT24  IRTF 2001-12-21  93.0 0.31 0.002 0.50 0.002 d 1.85 0.20  0.36 0.002 0.700 0.011 0.270 0.020 0.530 0.009 -    
 35396 -                 1997 XF11  IRTF 2002-11-03  63.0 0.83 0.003 1.18 0.003 d 1.80 0.21  1.05 0.010 0.370 0.002 0.180 0.061 0.230 0.001 10   
 35396 -                 1997 XF11  IRTF 2002-11-05  53.0 0.81 0.007 0.91 0.007 d 1.20 0.11  1.07 0.022 0.390 0.045 0.310 0.050 0.220 0.004 10   
 35396 -                 1997 XF11  ESO  2002-11-28  30.0 -.99 -.999 0.89 0.090 d 1.30 0.46 -9.99 -.999 -.999 -.999 0.320 0.128 -.999 -.999 2,10 
 35396 -                 1997 XF11  ESO  2002-11-28  30.0 0.75 0.033 0.80 0.033 a 1.00 -.99  1.16 0.053 0.450 0.047 0.400 0.043 0.190 0.021 2,10 
 85953 -                 1999 FK21  Keck 2002-02-21  35.0 0.58 0.006 0.59 0.006 d 0.91 0.17  0.85 0.010 0.330 0.006 0.320 0.035 0.150 0.002 -    
 86039 -                 1999 NC43  Keck 2000-03-17  59.0 1.22 0.011 2.22 0.011 d 2.86 0.27  1.62 0.011 0.470 0.007 0.140 0.013 0.270 0.003 2,14 
 99935 -                 2002 AV4   ESO  2003-06-02  70.0 -.99 -.999 1.54 0.180 d 1.57 0.31 -9.99 -.999 -.999 -.999 0.370 0.073 -.999 -.999 -    
 99935 -                 2002 AV4   ESO  2003-06-02  70.0 1.10 0.019 1.50 0.019 a 1.50 -.99  1.40 0.022 0.730 0.021 0.380 0.011 0.430 0.012 -    
108519 -                 2001 LF    ESO  2003-06-02  45.0 -.99 -.999 1.67 0.100 d 1.10 0.13 -9.99 -.999 -.999 -.999 0.070 0.006 -.999 -.999 -    
108519 -                 2001 LF    ESO  2003-06-02  45.0 1.70 0.014 1.90 0.014 a 1.50 -.99  2.20 0.023 0.100 0.001 0.060 0.001 0.040 0.001 11   
108519 -                 2001 LF    ESO  2003-06-03  45.0 -.99 -.999 2.10 0.025 a 1.50 -.99 -9.99 -.999 -.999 -.999 0.040 0.001 -.999 -.999 -    
108519 -                 2001 LF    ESO  2003-06-03  45.0 1.50 0.025 2.00 0.120 d 1.40 0.17  2.50 0.031 0.080 0.002 0.050 0.005 0.030 0.001 12   
     0 -                 2000 BG19  Keck 2000-03-17  17.0 1.88 0.023 1.77 0.023 d 0.74 0.10  3.25 0.151 0.038 0.001 0.043 0.011 0.013 0.001 -    
     0 -                 2000 EV70  Keck 2000-03-17  14.0 0.14 0.010 0.15 0.010 a 1.00 -.99  0.22 0.013 0.680 0.072 0.600 0.060 0.290 0.034 14   
     0 -                 2000 PG3   Keck 2000-08-21   2.0 3.90 0.060 4.60 0.060 a 1.00 -.99  8.59 0.210 0.059 0.001 0.042 0.001 0.012 0.001 13   
     0 -                 2001 FY    Keck 2001-05-12  22.0 0.30 0.008 0.32 0.008 a 1.00 -.99  0.48 0.013 0.590 0.025 0.520 0.021 0.230 0.010 14   
     0 -                 2001 HW15  Keck 2001-05-12  11.0 0.16 0.016 0.18 0.016 a 1.00 -.99  0.27 0.032 0.540 0.121 0.430 0.173 0.200 0.060 -    
     0 -                 2002 BM26  Keck 2002-02-21  60.0 0.41 0.002 0.84 0.002 d 3.10 0.13  0.57 0.003 0.094 0.001 0.023 0.001 0.050 0.001 14   
     0 -                 2002 CT46  Keck 2002-02-21  23.0 0.15 0.002 0.16 0.002 a 1.00 -.99  0.24 0.005 0.360 0.012 0.320 0.013 0.150 0.007 14   
     0 -                 2002 QE15  ESO  2002-11-28  50.0 1.15 0.021 1.49 0.021 a 1.50 -.99  1.63 0.040 0.400 0.018 0.240 0.019 0.200 0.012 -    
